# The ONI emblem as pixel grids (one per size, largest first; 0 empty, 1 dark, 2 rays, 3 bright face), drawn in
# half blocks. 20 px is downsampled from 40, and 16 and 12 px from 24, whose coarser trace keeps the ring.
000000000000000000000000000000000000000000000000
000000000000000000000002100000000000000000000000
000000000000000000000003110000000000000000000000
000000000000000001111233111111100000000000000000
000000000000000111112333111211111000000000000000
000000000000011112223333111222211110000000000000
000000000001111222233333111122222111100000000000
000000000011122222233333111112222221110000000000
000000000111222222333333111112222222111000000000
000000001122222223333333111111222222221100000000
000000011222222223333333111111122222222110000000
000000112222222233333333111111112222222211000000
000001112222222333333333111111112222222211100000
000001122222222333333333111111111222222221100000
000011222222223333333333111111111122222222110000
000011222222233333333333111111111122222222110000
000112222222233333333333111111111112222222211000
000112222222333333333333111111111111222222211000
001122222223333333333333111111111111222222221100
001122222233333333333332222211111111122222221100
001122222233333333332111111221111111112222221100
001122222333333333321111111122111111111222221100
011122223333333333211233332112211111111222222110
011222223333333332112333333211221111111122222110
011222233333333331123333333321121111111112222110
011222333333333331133333333331121111111112222110
011223333333333331133333333331121111111111222110
011223333333333331133333333331121111111111122110
001233333333333331123333333321121111111111122100
001333333333333331113333333311121111111111111100
002333333333333332112333333211211111111111111100
003333333333333333211123321112211111111111111100
000333333333333333321111111122111111111111111000
000333333333333333333111112221111111111111111000
000233333333333333333333222111111111111111111000
000012333333333333333333111111111111111112210000
000011123333333333333333111111111111112221110000
000001122223333333333333111111111111222221100000
000000112222223333333333111111111222222211000000
000000111222222223333333111111222222222111000000
000000011122222222233333111222222222221110000000
000000001111222222222233222222222222211100000000
000000000111122222222222222222222221111000000000
000000000001111222222222222222222111100000000000
000000000000111112222222222222211111000000000000
000000000000001111111222222111111100000000000000
000000000000000011111111111111110000000000000000
000000000000000000001111111100000000000000000000

0000000000000000000000000000000000000000
0000000000000000000210000000000000000000
0000000000000000113311110000000000000000
0000000000000111123311111110000000000000
0000000000011112233311122111100000000000
0000000001112222333311122222111000000000
0000000011122223333311112222211100000000
0000000112222223333311111222222110000000
0000001122222233333311111122222211000000
0000011222222333333311111122222221100000
0000112222222333333311111112222222110000
0000112222223333333311111111222222110000
0001122222233333333311111111222222211000
0001222222233333333311111111122222221000
0011222222333333333311111111112222221100
0011222223333333333311111111112222221100
0012222233333333332122221111111222222100
0112222233333333211111122111111122222110
0112222333333332112332112211111112222110
0112223333333331133333311211111112222110
0112223333333311333333331121111111222110
0112233333333311333333331121111111122110
0112333333333311333333331121111111122110
0112333333333311333333331121111111112110
0113333333333311233333321221111111111110
0033333333333331133333311211111111111100
0033333333333332111221112211111111111100
0033333333333333211111122111111111111100
0003333333333333333322211111111111111000
0002233333333333333311111111111111211000
0000112333333333333311111111111122110000
0000112222333333333311111111122222110000
0000011222222333333311111122222221100000
0000001122222223333311112222222211000000
0000000111222222223322222222221110000000
0000000011122222222222222222211100000000
0000000001111222222222222221111000000000
0000000000011112222222222111100000000000
0000000000000111111111111110000000000000
0000000000000000111111110000000000000000

00000000000000000000000000000000
00000000000000021000000000000000
00000000000111331111100000000000
00000000011122331122111000000000
00000001112223331112221110000000
00000011222233331111222211000000
00000112222333331111222221100000
00001122222333331111122222110000
00011222223333331111112222211000
00012222233333331111112222221000
00112222233333331111111222221100
00122222333333331111111122222100
00122223333333331111111122222100
01122223333333111221111112222110
01222233333331111112111111222210
01222333333311333311211111122210
01223333333113333331211111122210
01223333333113333331121111112210
01233333333113333331121111111210
01333333333113333331211111111110
00333333333311333311211111111110
00333333333331111112111111111100
00333333333333111221111111111100
00033333333333331111111111111000
00011233333333331111111112211000
00001222233333331111112222210000
00001122222333331111222222110000
00000112222222332222222221100000
00000001122222222222222110000000
00000000111222222222211100000000
00000000001111122111110000000000
00000000000001111110000000000000

0000000000000000000000000000
0000000000000311000000000000
0000000001113311111000000000
0000000112223311222110000000
0000001222233311122221000000
0000012222333311112222100000
0000122223333311112222210000
0001222223333311111222221000
0011222233333311111122221100
0012222333333311111122222100
0112222333333311111112222110
0122223333333122111111222210
0122233333311111121111222210
0122233333113333121111122210
0122333333133333312111112210
0123333333133333312111111210
0133333333133333312111111210
0133333333113333111111111110
0333333333311331121111111110
0033333333331112211111111100
0033333333333321111111111100
0001233333333311111111221000
0001122233333311111222211000
0000112222233311222222110000
0000011222222222222221100000
0000001112222222222111000000
0000000011112222111100000000
0000000000011111100000000000

000000000000000000000000
000000000013110000000000
000000011133112110000000
000001122233112221100000
000011222333111222110000
000122223333111122221000
001122233333111122221100
001222233333111112222100
012222333333111111222210
012223333333211111222210
012223333311112111122210
012233333113311211112210
012333333133331211112210
012333331133331211111210
013333333133331211111110
033333333113311211111110
033333333311112111111110
003333333333211111111100
001123333333111111221100
000122223333111122221000
000012222233122222210000
000001122222222221100000
000000011222222110000000
000000000111111000000000

00000000000000000000
00000001131110000000
00000112331121100000
00001222331122210000
00012223331112221000
00122233331111222100
01222233331111222210
01222333331111122210
01223333312211112220
11233333133121111221
11233331333312111221
11333331333312111121
03333331333311111110
03333333111121111110
03333333332111111110
00123333331111112100
00012223331112221000
00001222232222210000
00000112222221100000
00000001111110000000

0000000000000000
0000011312100000
0001223311221000
0012223311222100
0122233311122210
0122333311112210
0223333311112220
0223331111111220
0233331331211120
0333331331211110
0333331111111110
0333333311111110
0012333311112100
0012223312222100
0000122222210000
0000001111000000

000001100000
000113121000
001233112100
012233112210
122333111221
123331121121
123313311121
133333311111
033331111110
012333111210
001223222100
000012210000
